40000 1520887898
40000 1520887899
2820 1520887899
40010 1520887900
40010 1520887901
40004 1520887902
40005 1520887903
40009 1520887904
40007 1520887905
40008 1520887906
40005 1520887907
40011 1520887908
40004 1520887909
40005 1520887911
40009 1520887912
40003 1520887913
40011 1520887914
40005 1520887915
40003 1520887916
40003 1520887917
40002 1520887918
40006 1520887919
40008 1520887920
40006 1520887921
40006 1520887922
40005 1520887923
40007 1520887924
40010 1520887925
40001 1520887926
40009 1520887927
40005 1520887928
40010 1520887929
40008 1520887930
40005 1520887931
40006 1520887932
40005 1520887933
40008 1520887934
40005 1520887935
40005 1520887936
40008 1520887937
40007 1520887938
40006 1520887939
40006 1520887940
40006 1520887941
40005 1520887942
40005 1520887943
40006 1520887944
40012 1520887945
40008 1520887946
40004 1520887947
40003 1520887948
40008 1520887949
40006 1520887950
980 1520887950
40007 1520887951
40009 1520887952
40006 1520887953
40013 1520887954
40008 1520887955
40009 1520887956
40012 1520887957
40008 1520887958
40006 1520887959
40005 1520887960
40007 1520887961
40011 1520887962
40010 1520887963
40005 1520887964
40009 1520887965
40010 1520887966
40003 1520887967
40007 1520887968
40006 1520887969
40009 1520887970
40006 1520887971
40009 1520887972
40007 1520887973
40009 1520887974
40002 1520887975
40005 1520887976
40007 1520887977
40009 1520887978
40007 1520887979
40010 1520887980
40007 1520887981
40008 1520887982
40007 1520887984
40008 1520887985
40008 1520887986
40006 1520887987
40010 1520887988
40009 1520887989
40004 1520887990
40010 1520887991
40008 1520887992
40009 1520887993
40007 1520887994
40004 1520887995
40004 1520887996
40008 1520887997
40007 1520887998
40007 1520887999
40009 1520888000
40002 1520888001
40005 1520888002
40010 1520888003
40008 1520888004
40006 1520888005
40006 1520888006
40008 1520888007
40004 1520888008
40004 1520888009
40006 1520888010
40009 1520888011
40008 1520888012
40003 1520888013
1240 1520888013
40004 1520888014
40005 1520888015
40009 1520888016
40007 1520888017
40006 1520888018
40002 1520888019
40003 1520888020
40011 1520888021
40007 1520888022
40009 1520888023
40009 1520888024
40003 1520888025
40008 1520888026
40006 1520888027
40007 1520888028
40009 1520888029
40004 1520888030
40008 1520888031
40009 1520888032
40009 1520888033
40007 1520888034
40005 1520888035
40007 1520888036
40009 1520888037
40004 1520888038
40007 1520888039
40011 1520888040
40005 1520888041
40002 1520888042
40008 1520888043
40003 1520888044
40006 1520888045
40006 1520888046
40003 1520888047
40004 1520888048
40009 1520888049
40009 1520888050
40007 1520888051
40003 1520888052
40002 1520888053
40013 1520888054
40006 1520888055
40008 1520888056
40005 1520888057
40009 1520888058
40009 1520888060
40003 1520888061
40010 1520888062
40006 1520888063
40005 1520888064
40010 1520888065
40005 1520888066
40009 1520888067
40006 1520888068
40001 1520888069
40007 1520888070
40003 1520888071
40002 1520888072
40005 1520888073
40007 1520888074
40007 1520888075
40005 1520888076
40006 1520888077
40007 1520888078
40007 1520888079
40008 1520888080
40006 1520888081
40004 1520888082
40006 1520888083
40006 1520888084
40003 1520888085
40002 1520888086
40006 1520888087
40006 1520888088
40003 1520888089
40004 1520888090
40006 1520888091
40002 1520888092
40004 1520888093
40005 1520888094
40007 1520888095
40007 1520888096
40011 1520888097
40006 1520888098
40006 1520888099
40007 1520888100
40002 1520888101
40007 1520888102
40006 1520888103
40005 1520888104
40006 1520888105
40005 1520888106
40009 1520888107
40005 1520888108
40007 1520888109
40008 1520888110
40004 1520888111
40006 1520888112
40008 1520888113
40009 1520888114
40008 1520888115
40007 1520888116
40006 1520888117
40006 1520888118
40006 1520888119
1540 1520888120
40006 1520888120
40004 1520888121
40004 1520888122
40008 1520888123
40004 1520888124
40010 1520888125
40010 1520888126
40005 1520888127
40007 1520888128
40011 1520888129
40004 1520888130
40008 1520888132
40015 1520888133
40004 1520888134
40007 1520888135
40008 1520888136
40005 1520888137
40004 1520888138
40009 1520888139
1640 1520888139
40003 1520888140
40006 1520888141
40005 1520888142
40009 1520888143
40005 1520888144
40006 1520888145
40006 1520888146
40012 1520888147
40007 1520888148
40006 1520888149
40004 1520888150
40009 1520888151
40007 1520888152
40010 1520888153
40010 1520888154
40007 1520888155
40006 1520888156
40004 1520888157
40008 1520888158
40010 1520888159
40007 1520888160
40011 1520888161
40001 1520888162
40006 1520888163
40010 1520888164
40007 1520888165
40002 1520888166
40005 1520888167
40009 1520888168
40005 1520888169
40002 1520888170
40006 1520888171
40009 1520888172
40005 1520888173
40010 1520888174
40007 1520888175
40003 1520888176
40008 1520888177
40007 1520888178
40006 1520888179
40005 1520888180
40010 1520888181
40007 1520888182
40013 1520888183
40007 1520888184
40010 1520888185
40008 1520888186
40009 1520888187
40013 1520888188
40006 1520888189
40005 1520888190
40011 1520888191
40003 1520888192
40006 1520888193
40006 1520888194
40006 1520888195
40012 1520888196
40003 1520888197
40007 1520888198
40005 1520888199
40010 1520888200
40004 1520888201
40006 1520888202
40006 1520888203
40012 1520888204
40002 1520888205
40009 1520888207
40009 1520888208
40005 1520888209
40004 1520888210
40006 1520888211
40004 1520888212
40006 1520888213
40004 1520888214
40007 1520888215
40006 1520888216
40006 1520888217
40009 1520888218
40008 1520888219
40011 1520888220
40013 1520888221
40005 1520888222
40007 1520888223
40005 1520888224
40006 1520888225
2760 1520888225
40004 1520888226
40006 1520888227
40006 1520888228
40010 1520888229
40006 1520888230
40008 1520888231
40008 1520888232
40009 1520888233
40008 1520888234
40006 1520888235
40009 1520888236
40008 1520888237
40010 1520888238
40004 1520888239
40005 1520888240
40008 1520888241
40008 1520888242
40007 1520888243
40003 1520888244
40006 1520888245
40003 1520888246
40006 1520888247
40006 1520888248
40003 1520888249
40005 1520888250
40008 1520888251
40004 1520888252
40005 1520888253
40008 1520888254
40007 1520888255
40011 1520888256
40018 1520888257
40007 1520888258
40009 1520888259
40004 1520888260
40012 1520888261
40006 1520888262
40007 1520888263
40003 1520888264
40006 1520888265
40013 1520888266
40004 1520888267
40007 1520888268
40010 1520888269
40006 1520888270
40009 1520888271
40003 1520888272
40008 1520888273
40013 1520888274
40005 1520888275
40005 1520888276
40005 1520888277
40005 1520888279
40006 1520888280
40005 1520888281
40003 1520888282
40011 1520888283
40011 1520888284
40006 1520888285
40005 1520888286
40004 1520888287
40003 1520888288
40007 1520888289
40007 1520888290
40012 1520888291
40008 1520888292
40006 1520888293
40008 1520888294
40006 1520888295
40005 1520888296
40008 1520888297
40006 1520888298
40007 1520888299
40002 1520888300
40010 1520888301
40004 1520888302
40006 1520888303
40005 1520888304
40005 1520888305
40005 1520888306
40006 1520888307
40007 1520888308
40006 1520888309
40004 1520888310
40012 1520888311
40009 1520888312
40006 1520888313
40009 1520888314
40002 1520888315
40010 1520888316
40005 1520888317
40006 1520888318
40007 1520888319
40007 1520888320
40008 1520888321
40005 1520888322
40003 1520888323
40004 1520888324
40008 1520888325
40009 1520888326
40004 1520888327
40005 1520888328
40005 1520888329
40013 1520888330
40008 1520888331
40008 1520888332
40005 1520888333
40004 1520888334
40010 1520888335
40007 1520888336
40007 1520888337
40007 1520888338
40008 1520888339
40008 1520888340
40012 1520888341
40007 1520888342
40010 1520888343
40008 1520888344
40008 1520888345
40003 1520888346
40004 1520888347
40010 1520888348
40007 1520888349
40009 1520888350
40004 1520888351
40010 1520888353
40007 1520888354
40004 1520888355
40003 1520888356
40008 1520888357
40004 1520888358
40007 1520888359
40005 1520888360
40007 1520888361
40006 1520888362
40007 1520888363
40004 1520888364
40006 1520888365
40006 1520888366
40011 1520888367
40004 1520888368
40005 1520888369
40010 1520888370
40005 1520888371
40005 1520888372
40009 1520888373
40011 1520888374
40005 1520888375
40011 1520888376
40009 1520888377
40008 1520888378
40006 1520888379
40009 1520888380
40006 1520888381
40004 1520888382
40007 1520888383
40003 1520888384
40006 1520888385
40005 1520888386
40009 1520888387
40010 1520888388
40004 1520888389
40010 1520888390
40001 1520888391
680 1520888391
40003 1520888392
40006 1520888393
40005 1520888394
40006 1520888395
40008 1520888396
40012 1520888397
40004 1520888398
40002 1520888399
40008 1520888400
40008 1520888401
40003 1520888402
40005 1520888403
40011 1520888404
40009 1520888405
40006 1520888406
40011 1520888407
40003 1520888408
40004 1520888409
40009 1520888410
40005 1520888411
40008 1520888412
40005 1520888413
40010 1520888414
40007 1520888415
40005 1520888416
40009 1520888417
40005 1520888418
40007 1520888419
40009 1520888420
40003 1520888421
40008 1520888422
40007 1520888424
40006 1520888425
40005 1520888426
40008 1520888427
40003 1520888428
40008 1520888429
40006 1520888430
40008 1520888431
40002 1520888432
40012 1520888433
40006 1520888434
40007 1520888435
40006 1520888436
40006 1520888437
40005 1520888438
40012 1520888439
40009 1520888440
40004 1520888441
40004 1520888442
40005 1520888443
40008 1520888444
40003 1520888445
40009 1520888446
40009 1520888447
40009 1520888448
40008 1520888449
40007 1520888450
40012 1520888451
40006 1520888452
40006 1520888453
40007 1520888454
40003 1520888455
40003 1520888456
40002 1520888457
40012 1520888458
40006 1520888459
40008 1520888460
40004 1520888461
40006 1520888462
40008 1520888463
40011 1520888464
40006 1520888465
40008 1520888466
40017 1520888467
40007 1520888468
40007 1520888469
40009 1520888470
40009 1520888471
40008 1520888472
40006 1520888473
40007 1520888474
40003 1520888475
40006 1520888476
40008 1520888477
40007 1520888478
40007 1520888479
40012 1520888480
40004 1520888481
40005 1520888482
40007 1520888483
40010 1520888484
40012 1520888485
40008 1520888486
40006 1520888487
40005 1520888488
40003 1520888489
40009 1520888490
40003 1520888491
40006 1520888492
40013 1520888493
40004 1520888494
40006 1520888495
40006 1520888496
40002 1520888498
40004 1520888499
40012 1520888500
40006 1520888501
40007 1520888502
40007 1520888503
40002 1520888504
40007 1520888505
40011 1520888506
40006 1520888507
40006 1520888508
40006 1520888509
40005 1520888510
40006 1520888511
40007 1520888512
40012 1520888513
40007 1520888514
40010 1520888515
40004 1520888516
40009 1520888517
40009 1520888518
40005 1520888519
40007 1520888520
40010 1520888521
40007 1520888522
40009 1520888523
40007 1520888524
40003 1520888525
40002 1520888526
40009 1520888527
40010 1520888528
40010 1520888529
40005 1520888530
40005 1520888531
40009 1520888532
40002 1520888533
40008 1520888534
40010 1520888535
40009 1520888536
40004 1520888537
40006 1520888538
40004 1520888539
40007 1520888540
40006 1520888541
40004 1520888542
40004 1520888543
40008 1520888544
40007 1520888545
40008 1520888546
40011 1520888547
40008 1520888548
40005 1520888549
40005 1520888550
40008 1520888551
40007 1520888552
40005 1520888553
40011 1520888554
40001 1520888555
40009 1520888556
40010 1520888557
40005 1520888558
40002 1520888559
40004 1520888560
40006 1520888561
40005 1520888562
40001 1520888563
40005 1520888564
40009 1520888565
40007 1520888566
40010 1520888567
40004 1520888568
40004 1520888569
40007 1520888570
40008 1520888572
40012 1520888573
40007 1520888574
40005 1520888575
40004 1520888576
40006 1520888577
40005 1520888578
40005 1520888579
40006 1520888580
40011 1520888581
40013 1520888582
40006 1520888583
40006 1520888584
40010 1520888585
40007 1520888586
40007 1520888587
40003 1520888588
40005 1520888589
40003 1520888590
40011 1520888591
40008 1520888592
40006 1520888593
40012 1520888594
40002 1520888595
40004 1520888596
40008 1520888597
40011 1520888598
40004 1520888599
40005 1520888600
40006 1520888601
40010 1520888602
40008 1520888603
40003 1520888604
40007 1520888605
40007 1520888606
40007 1520888607
40004 1520888608
40008 1520888609
40008 1520888610
40008 1520888611
40006 1520888612
40008 1520888613
40006 1520888614
40004 1520888615
40008 1520888616
40005 1520888617
40005 1520888618
40006 1520888619
40004 1520888620
40008 1520888621
40006 1520888622
40013 1520888623
40006 1520888624
40007 1520888625
40009 1520888626
40011 1520888627
40007 1520888628
40008 1520888629
40009 1520888630
40007 1520888631
40009 1520888632
40006 1520888633
40004 1520888634
40007 1520888635
40004 1520888636
40006 1520888637
40010 1520888638
40008 1520888639
40010 1520888640
40011 1520888641
40003 1520888642
40006 1520888643
40007 1520888644
40006 1520888645
40007 1520888647
40007 1520888648
40005 1520888649
40004 1520888650
40004 1520888651
40007 1520888652
40003 1520888653
40010 1520888654
40002 1520888655
40004 1520888656
40006 1520888657
40007 1520888658
40011 1520888659
40008 1520888660
40007 1520888661
40006 1520888662
40004 1520888663
40006 1520888664
40007 1520888665
40005 1520888666
40005 1520888667
40008 1520888668
40008 1520888669
40006 1520888670
40006 1520888671
40006 1520888672
40007 1520888673
40009 1520888674
40005 1520888675
40005 1520888676
40003 1520888677
40006 1520888678
40005 1520888679
40005 1520888680
40005 1520888681
40008 1520888682
40005 1520888683
40008 1520888684
40009 1520888685
40003 1520888686
40009 1520888687
40009 1520888688
40008 1520888689
40009 1520888690
40004 1520888691
40007 1520888692
40008 1520888693
40008 1520888694
40003 1520888695
40011 1520888696
40004 1520888697
40004 1520888698
40008 1520888699
40006 1520888700
40003 1520888701
40004 1520888702
40007 1520888703
40007 1520888704
40006 1520888705
40004 1520888706
40004 1520888707
40011 1520888708
40006 1520888709
40006 1520888710
40008 1520888711
40006 1520888712
400 1520888713
40008 1520888713
40005 1520888714
40008 1520888715
40007 1520888716
40010 1520888717
40002 1520888718
40012 1520888719
40009 1520888720
40008 1520888721
40005 1520888723
40002 1520888724
40007 1520888725
40009 1520888726
40008 1520888727
40007 1520888728
40008 1520888729
40006 1520888730
40005 1520888731
40005 1520888732
40013 1520888733
40006 1520888734
40006 1520888735
40007 1520888736
40010 1520888737
40006 1520888738
40010 1520888739
40006 1520888740
40002 1520888741
40008 1520888742
40004 1520888743
40004 1520888744
40004 1520888745
40008 1520888746
40009 1520888747
40009 1520888748
6700 1520888748
40009 1520888749
40004 1520888750
40006 1520888751
40007 1520888752
40006 1520888753
40005 1520888754
40011 1520888755
40006 1520888756
40005 1520888757
40005 1520888758
40007 1520888759
40007 1520888760
40007 1520888761
40011 1520888762
40010 1520888763
40008 1520888764
40005 1520888765
40006 1520888766
40005 1520888767
40012 1520888768
40009 1520888769
40012 1520888770
40007 1520888771
40005 1520888772
40007 1520888773
40006 1520888774
40004 1520888775
40006 1520888776
40013 1520888777
40007 1520888778
40006 1520888779
40007 1520888780
40013 1520888781
40007 1520888782
40006 1520888783
40011 1520888784
240 1520888785
40008 1520888785
40002 1520888786
40009 1520888787
40008 1520888788
40009 1520888789
40004 1520888790
340 1520888791
40010 1520888791
40003 1520888792
40010 1520888793
40003 1520888794
40007 1520888796
40013 1520888797
40005 1520888798
40004 1520888799
40005 1520888800
40007 1520888801
7740 1520888801
40011 1520888802
40008 1520888803
40009 1520888804
40007 1520888805
40005 1520888806
40011 1520888807
40003 1520888808
40005 1520888809
40008 1520888810
40007 1520888811
40008 1520888812
40011 1520888813
40006 1520888814
40007 1520888815
40010 1520888816
40006 1520888817
40006 1520888818
40006 1520888819
40003 1520888820
40006 1520888821
40004 1520888822
40010 1520888823
40005 1520888824
40010 1520888825
40004 1520888826
40007 1520888827
40008 1520888828
40011 1520888829
40006 1520888830
40004 1520888831
40004 1520888832
40010 1520888833
40005 1520888834
40007 1520888835
40014 1520888836
40006 1520888837
40005 1520888838
40004 1520888839
40004 1520888840
40005 1520888841
40007 1520888842
40004 1520888843
40008 1520888844
40002 1520888845
40010 1520888846
40009 1520888847
40005 1520888848
40001 1520888849
40003 1520888850
40007 1520888851
40006 1520888852
40008 1520888853
40008 1520888854
40009 1520888855
40007 1520888856
40007 1520888857
40006 1520888858
40005 1520888859
40006 1520888860
40007 1520888861
40008 1520888862
40008 1520888863
40012 1520888864
40008 1520888865
40006 1520888866
40007 1520888867
40003 1520888868
40008 1520888870
40007 1520888871
40005 1520888872
1620 1520888873
40007 1520888873
40008 1520888874
40011 1520888875
40003 1520888876
40006 1520888877
40007 1520888878
40012 1520888879
40007 1520888880
40003 1520888881
40001 1520888882
40007 1520888883
40008 1520888884
40001 1520888885
40006 1520888886
40008 1520888887
40007 1520888888
40006 1520888889
40005 1520888890
40009 1520888891
40006 1520888892
40007 1520888893
4200 1520888893
40012 1520888894
40006 1520888895
3600 1520888896
40006 1520888896
40002 1520888897
40005 1520888898
40005 1520888899
40005 1520888900
40011 1520888901
40001 1520888902
40005 1520888903
2560 1520888903
40009 1520888904
40009 1520888905
40003 1520888906
40008 1520888907
40005 1520888908
40001 1520888909
40009 1520888910
40007 1520888911
40005 1520888912
40007 1520888913
40004 1520888914
40006 1520888915
40006 1520888916
40007 1520888917
40007 1520888918
40003 1520888919
40007 1520888920
40011 1520888921
40006 1520888922
40003 1520888923
40006 1520888924
40006 1520888925
40010 1520888926
40004 1520888927
40006 1520888928
40009 1520888929
40007 1520888930
40004 1520888931
40008 1520888932
40005 1520888933
40005 1520888934
40007 1520888935
40011 1520888936
40005 1520888937
40007 1520888938
40009 1520888939
40004 1520888940
4580 1520888941
40009 1520888942
40009 1520888943
40007 1520888944
40009 1520888945
40003 1520888946
40004 1520888947
40006 1520888948
40009 1520888949
40005 1520888950
40007 1520888951
40006 1520888952
40007 1520888953
40005 1520888954
40007 1520888955
40008 1520888956
40004 1520888957
40009 1520888958
40005 1520888959
40005 1520888960
40006 1520888961
40008 1520888962
40007 1520888963
40002 1520888964
40006 1520888965
40006 1520888966
40004 1520888967
40010 1520888968
40003 1520888969
40006 1520888970
40008 1520888971
40006 1520888972
40009 1520888973
40012 1520888974
40010 1520888975
40008 1520888976
40006 1520888977
40007 1520888978
40005 1520888979
40006 1520888980
40006 1520888981
40011 1520888982
40009 1520888983
40009 1520888984
40006 1520888985
40006 1520888986
40004 1520888987
40005 1520888988
40006 1520888989
40009 1520888990
40009 1520888991
40004 1520888992
40005 1520888993
40002 1520888994
40004 1520888995
40005 1520888996
40003 1520888997
40009 1520888998
40011 1520888999
40008 1520889000
40005 1520889001
40009 1520889002
1520 1520889003
40006 1520889003
40006 1520889004
40006 1520889005
40006 1520889006
40009 1520889007
40008 1520889008
40009 1520889009
40007 1520889010
40008 1520889011
40003 1520889012
40011 1520889013
40007 1520889014
40003 1520889015
40011 1520889017
40009 1520889018
40007 1520889019
40004 1520889020
40006 1520889021
40007 1520889022
40007 1520889023
40008 1520889024
40004 1520889025
40005 1520889026
40007 1520889027
40012 1520889028
40007 1520889029
40008 1520889030
40010 1520889031
40013 1520889032
40007 1520889033
40007 1520889034
40011 1520889035
40008 1520889036
40013 1520889037
40010 1520889038
40005 1520889039
40005 1520889040
40009 1520889041
40009 1520889042
40005 1520889043
40003 1520889044
40009 1520889045
40006 1520889046
40011 1520889047
40009 1520889048
40005 1520889049
40008 1520889050
40007 1520889051
40006 1520889052
40013 1520889053
40002 1520889054
40008 1520889055
40004 1520889056
40006 1520889057
40009 1520889058
40003 1520889059
40008 1520889060
40005 1520889061
40004 1520889062
40004 1520889063
6320 1520889064
40015 1520889064
40011 1520889065
40009 1520889066
40006 1520889067
40006 1520889068
40002 1520889069
40007 1520889070
40006 1520889071
40009 1520889072
40006 1520889073
40008 1520889074
40004 1520889075
40008 1520889076
40005 1520889077
40007 1520889078
40012 1520889079
40010 1520889080
40008 1520889081
40007 1520889082
40007 1520889083
40006 1520889084
40008 1520889085
40005 1520889086
40008 1520889087
40013 1520889088
40009 1520889090
40005 1520889091
40006 1520889092
40007 1520889093
1520 1520889093
40008 1520889094
40007 1520889095
40008 1520889096
40005 1520889097
40010 1520889098
40006 1520889099
40010 1520889100
40009 1520889101
40009 1520889102
40007 1520889103
40005 1520889104
40005 1520889105
40006 1520889106
40003 1520889107
40009 1520889108
40006 1520889109
40009 1520889110
40009 1520889111
40011 1520889112
40007 1520889113
40003 1520889114
40005 1520889115
40008 1520889116
40010 1520889117
40005 1520889118
40011 1520889119
40011 1520889120
40009 1520889121
40008 1520889122
40007 1520889123
40010 1520889124
40004 1520889125
40007 1520889126
40009 1520889127
40011 1520889128
40003 1520889129
40006 1520889130
40010 1520889131
40007 1520889132
40012 1520889133
40007 1520889134
40008 1520889135
40011 1520889136
40008 1520889137
40015 1520889138
40006 1520889139
40006 1520889140
40008 1520889141
40006 1520889142
40009 1520889143
40004 1520889144
40004 1520889145
40003 1520889146
40011 1520889147
40009 1520889148
40005 1520889149
40003 1520889150
40008 1520889151
40010 1520889152
40005 1520889153
40011 1520889154
40009 1520889155
40006 1520889156
40003 1520889157
40008 1520889158
40009 1520889159
40004 1520889160
40005 1520889161
40004 1520889162
40003 1520889163
40006 1520889164
40007 1520889166
40004 1520889167
40004 1520889168
40012 1520889169
40007 1520889170
40009 1520889171
40006 1520889172